WorkRaveStats 4
D 17 0 119 12 34 17 0 119 21 58
B 0 7 23 0 14 0 7 9 4673 
B 1 7 21 1 2 0 7 8 5994 
B 2 7 0 0 0 0 0 0 0 
m 6 19109 514507 304243 28 5450 22547 
D 18 0 119 10 52 19 0 119 2 43
B 0 7 27 1 30 1 10 13 2583 
B 1 7 27 0 6 3 9 12 7294 
B 2 7 2 0 0 0 1 2 3539 
m 6 32339 1992453 1283754 699 26904 37288 
D 19 0 119 11 48 19 0 119 23 47
B 0 7 0 0 12 0 0 0 0 
B 1 7 0 0 6 0 0 0 0 
B 2 7 0 0 0 0 0 0 0 
m 6 4017 202189 129890 212 2533 3008 
D 20 0 119 9 2 20 0 119 21 45
B 0 7 4 0 11 0 2 2 572 
B 1 7 3 1 5 0 1 2 600 
B 2 7 0 0 0 0 0 0 0 
m 6 6194 510026 309589 715 6568 1694 
D 21 0 119 10 23 21 0 119 22 1
B 0 7 23 1 37 0 8 9 4290 
B 1 7 18 1 2 1 8 11 4784 
B 2 7 0 0 0 0 0 0 0 
m 6 24618 1308593 777034 399 7454 25421 
D 22 0 119 7 14 23 0 119 3 59
B 0 7 60 1 22 0 24 28 9348 
B 1 7 27 0 2 1 8 12 5680 
B 2 7 0 0 0 0 0 0 0 
m 6 28261 775143 502748 131 8450 37907 
D 23 0 119 4 0 23 0 119 18 31
B 0 7 67 2 6 0 25 28 7006 
B 1 7 40 0 2 0 13 15 11556 
B 2 7 0 0 0 0 0 0 0 
m 6 27073 461648 330201 8 8380 36739 
D 24 0 119 7 8 24 0 119 17 59
B 0 7 48 2 9 0 16 20 3579 
B 1 7 33 1 4 1 9 16 7270 
B 2 7 0 0 0 0 0 0 0 
m 6 26923 2236661 742750 807 15554 33347 
D 25 0 119 8 25 25 0 119 23 9
B 0 7 49 2 23 0 22 24 6278 
B 1 7 18 1 3 1 7 9 4636 
B 2 7 0 0 0 0 0 0 0 
m 6 27812 2630352 893692 69 12733 30040 
D 26 0 119 22 22 26 0 119 23 38
B 0 7 1 0 2 0 0 1 134 
B 1 7 0 0 2 0 0 0 0 
B 2 7 0 0 0 0 0 0 0 
m 6 3254 657345 294560 1135 4921 2442 
D 27 0 119 23 3 28 0 119 1 11
B 0 7 0 0 3 0 0 0 0 
B 1 7 0 0 2 0 0 0 0 
B 2 7 0 0 0 0 0 0 0 
m 6 2103 328351 148178 562 944 1337 
D 28 0 119 10 13 28 0 119 23 3
B 0 7 22 1 34 0 7 10 1091 
B 1 7 14 0 9 1 5 6 723 
B 2 7 0 0 0 0 0 0 0 
m 6 21477 1890996 739245 51 10056 14809 
D 29 0 119 8 37 29 0 119 17 31
B 0 7 16 1 24 1 4 6 2573 
B 1 7 8 0 5 1 3 5 1515 
B 2 7 0 0 0 0 0 0 0 
m 6 22585 1961171 745981 3404 7862 18993 
D 30 0 119 8 30 30 0 119 22 35
B 0 7 62 0 11 0 22 24 6775 
B 1 7 30 1 2 1 10 13 5558 
B 2 7 0 0 0 0 0 0 0 
m 6 26554 2453506 1056347 7 9676 28824 
D 31 0 119 11 1 31 0 119 19 56
B 0 7 17 1 17 0 6 8 3210 
B 1 7 8 0 4 0 3 5 2173 
B 2 7 0 0 0 0 0 0 0 
m 6 13259 1092199 503853 3 7624 9234 
D 1 1 119 9 2 1 1 119 22 52
B 0 7 63 1 15 0 22 24 13409 
B 1 7 44 1 7 0 14 15 12754 
B 2 7 0 0 0 0 0 0 0 
m 6 30939 3155440 1624856 0 23619 32393 
D 2 1 119 12 29 2 1 119 23 42
B 0 7 0 0 6 0 0 0 0 
B 1 7 0 0 2 0 0 0 0 
B 2 7 0 0 0 0 0 0 0 
m 6 3336 181912 70765 89 564 4871 
D 3 1 119 11 9 3 1 119 19 2
B 0 7 0 0 5 0 0 0 0 
B 1 7 0 0 3 0 0 0 0 
B 2 7 0 0 0 0 0 0 0 
m 6 4240 334855 117659 875 2559 1149 
D 4 1 119 13 39 4 1 119 16 40
B 0 7 0 0 4 0 0 0 0 
B 1 7 0 0 4 0 0 0 0 
B 2 7 0 0 0 0 0 0 0 
m 6 1198 196853 87749 402 573 1143 
D 5 1 119 9 8 5 1 119 18 0
B 0 7 52 4 5 0 16 21 9116 
B 1 7 23 0 2 1 6 8 6312 
B 2 7 0 0 0 0 0 0 0 
m 6 23058 1146545 566540 2002 10030 34726 
D 6 1 119 8 55 7 1 119 0 5
B 0 7 37 3 2 3 8 16 3760 
B 1 7 26 1 2 1 7 10 7306 
B 2 7 0 0 0 0 0 0 0 
m 6 24667 2306163 1088199 918 10580 27785 
D 7 1 119 10 58 7 1 119 22 10
B 0 7 0 0 10 0 0 0 0 
B 1 7 0 0 6 0 0 0 0 
B 2 7 0 0 0 0 0 0 0 
m 6 4021 580038 276354 1179 1799 1662 
D 9 1 119 9 9 9 1 119 22 9
B 0 7 12 2 14 0 3 5 1577 
B 1 7 3 1 8 0 0 1 627 
B 2 7 0 0 0 0 0 0 0 
m 6 8315 794148 417293 772 4465 4177 
D 10 1 119 18 3 10 1 119 21 56
B 0 7 4 1 12 0 0 2 348 
B 1 7 7 0 0 0 2 3 1866 
B 2 7 0 0 0 0 0 0 0 
m 6 10922 438880 234402 796 3274 11552 
D 11 1 119 8 28 11 1 119 15 34
B 0 7 21 5 7 0 4 9 3027 
B 1 7 23 0 2 1 10 11 6624 
B 2 7 0 0 0 0 0 0 0 
m 6 18640 1013987 471693 1862 8822 19110 
D 12 1 119 8 9 12 1 119 17 32
B 0 7 8 2 35 0 2 4 1014 
B 1 7 9 1 4 0 3 4 2250 
B 2 7 0 0 0 0 0 0 0 
m 6 21883 957898 495918 1922 10596 20810 
D 13 1 119 8 42 13 1 119 17 17
B 0 7 41 4 12 0 14 20 6001 
B 1 7 22 0 1 1 8 9 5986 
B 2 7 0 0 0 0 0 0 0 
m 6 22862 1627339 954219 898 14523 23348 
D 14 1 119 8 42 14 1 119 20 17
B 0 7 30 1 11 2 8 12 5454 
B 1 7 26 2 2 1 7 9 6984 
B 2 7 0 0 0 0 0 0 0 
m 6 25461 1707103 941119 1290 13152 27956 
D 15 1 119 10 0 15 1 119 18 34
B 0 7 39 1 14 1 13 16 6690 
B 1 7 35 0 1 0 11 13 9905 
B 2 7 0 0 0 0 0 0 0 
m 6 24419 1802952 998795 2499 8928 32086 
D 16 1 119 10 4 16 1 119 22 40
B 0 7 0 0 28 0 0 0 0 
B 1 7 0 0 16 0 0 0 0 
B 2 7 0 0 0 0 0 0 0 
m 6 7895 1045212 356789 444 4248 6320 
D 17 1 119 11 18 17 1 119 23 6
B 0 7 0 0 19 0 0 0 0 
B 1 7 0 0 10 0 0 0 0 
B 2 7 0 0 0 0 0 0 0 
m 6 5202 663173 358482 828 2852 4525 
D 18 1 119 8 5 19 1 119 0 17
B 0 7 44 5 21 1 13 19 6762 
B 1 7 21 0 8 2 5 8 2985 
B 2 7 0 0 0 0 0 0 0 
m 6 27145 1751713 936926 506 9619 32288 
D 19 1 119 8 32 19 1 119 17 29
B 0 7 28 2 9 2 6 10 4355 
B 1 7 37 0 0 2 11 13 10596 
B 2 7 0 0 0 0 0 0 0 
m 6 23911 1562853 939494 3395 9225 36738 
D 20 1 119 8 13 20 1 119 18 0
B 0 7 30 2 23 2 7 11 4148 
B 1 7 17 1 7 1 4 7 4465 
B 2 7 0 0 0 0 0 0 0 
m 6 23446 1673568 826937 3583 9680 23056 
D 21 1 119 9 19 21 1 119 21 35
B 0 7 60 1 14 1 19 21 9841 
B 1 7 23 0 2 2 8 10 6185 
B 2 7 0 0 0 0 0 0 0 
m 6 23287 1763339 891632 35 7810 33722 
D 22 1 119 8 42 22 1 119 23 4
B 0 7 25 1 24 0 10 11 5249 
B 1 7 22 1 8 1 6 8 5984 
B 2 7 0 0 0 0 0 0 0 
m 6 22129 1855762 968176 148 10679 26269 
D 23 1 119 22 55 24 1 119 1 8
B 0 7 3 0 10 0 1 1 462 
B 1 7 0 0 3 0 0 0 0 
B 2 7 0 0 0 0 0 0 0 
m 6 3872 366287 201091 743 1721 1763 
D 24 1 119 9 8 24 1 119 22 52
B 0 7 34 2 12 0 9 13 3073 
B 1 7 6 1 8 0 1 3 1255 
B 2 7 0 0 0 0 0 0 0 
m 6 18178 2069681 1272217 281 13569 13066 
D 25 1 119 8 12 25 1 119 23 14
B 0 7 22 3 33 0 5 9 2931 
B 1 7 1 1 14 0 0 1 0 
B 2 7 0 0 0 0 0 0 0 
m 6 21915 2106345 1243816 870 15275 27697 
D 26 1 119 8 19 26 1 119 17 28
B 0 7 49 1 15 1 17 20 9373 
B 1 7 23 0 5 0 10 11 6838 
B 2 7 0 0 0 0 0 0 0 
m 6 25152 1834369 1032635 3826 12275 37940 
D 27 1 119 10 7 27 1 119 19 8
B 0 7 30 1 21 0 11 13 6244 
B 1 7 36 0 3 0 15 15 10835 
B 2 7 0 0 0 0 0 0 0 
m 6 24132 1997491 1082296 4295 11017 30415 
D 28 1 119 8 44 28 1 119 19 36
B 0 7 72 2 10 2 21 25 12767 
B 1 7 33 0 1 1 12 13 7314 
B 2 7 0 0 0 0 0 0 0 
m 6 26880 2405144 1266129 17 12297 43020 
D 1 2 119 9 58 2 2 119 0 56
B 0 7 46 1 18 0 16 18 7759 
B 1 7 19 1 10 0 7 9 2264 
B 2 7 0 0 0 0 0 0 0 
m 6 26577 2098673 1181980 231 9926 35410 
D 2 2 119 10 4 3 2 119 1 13
B 0 7 8 0 23 1 2 3 1043 
B 1 7 2 0 10 0 0 1 574 
B 2 7 0 0 0 0 0 0 0 
m 6 12401 2024277 1211431 2157 9503 5749 
D 3 2 119 8 31 4 2 119 0 23
B 0 7 3 0 8 1 0 1 328 
B 1 7 0 0 5 0 0 0 0 
B 2 7 0 0 0 0 0 0 0 
m 6 3521 586381 219287 1005 2181 771 
D 4 2 119 9 27 4 2 119 23 1
B 0 7 37 2 12 1 10 14 7034 
B 1 7 37 0 6 0 13 13 8257 
B 2 7 0 0 0 0 0 0 0 
m 6 23784 2351884 1293971 21 12977 26460 
D 5 2 119 9 17 5 2 119 17 0
B 0 7 53 1 5 1 19 21 9102 
B 1 7 24 0 1 1 7 9 6702 
B 2 7 0 0 0 0 0 0 0 
m 6 20829 1754673 1005067 3674 8667 26246 
D 6 2 119 8 33 6 2 119 17 51
B 0 7 52 1 11 1 17 20 9409 
B 1 7 32 0 1 0 12 14 9196 
B 2 7 0 0 0 0 0 0 0 
m 6 26579 1490755 883316 2255 9875 33141 
D 7 2 119 9 16 7 2 119 17 43
B 0 7 44 2 8 1 14 18 9261 
B 1 7 36 1 2 1 10 13 10181 
B 2 7 0 0 0 0 0 0 0 
m 6 25098 1332615 712570 2773 5842 40166 
D 8 2 119 9 3 9 2 119 0 36
B 0 7 43 2 29 0 13 15 7924 
B 1 7 27 0 12 1 9 9 8158 
B 2 7 0 0 0 0 0 0 0 
m 6 24793 2346583 1127059 0 8742 29315 
D 9 2 119 11 4 10 2 119 0 53
B 0 7 0 0 19 0 0 0 0 
B 1 7 0 0 9 0 0 0 0 
B 2 7 0 0 0 0 0 0 0 
m 6 4748 479118 232168 19 1211 1174 
D 10 2 119 22 50 10 2 119 23 44
B 0 7 0 0 6 0 0 0 0 
B 1 7 0 0 4 0 0 0 0 
B 2 7 0 0 0 0 0 0 0 
m 6 922 137109 56014 230 585 139 
D 11 2 119 9 3 11 2 119 21 0
B 0 7 0 0 29 0 0 0 0 
B 1 7 2 0 7 0 0 1 0 
B 2 7 0 0 0 0 0 0 0 
m 6 17726 1483559 819026 473 10003 16908 
D 12 2 119 9 13 12 2 119 17 10
B 0 7 28 3 18 1 11 16 5224 
B 1 7 20 1 1 1 5 8 5076 
B 2 7 0 0 0 0 0 0 0 
m 6 24193 2324145 1189778 5058 15732 12322 
D 13 2 119 10 4 13 2 119 22 25
B 0 7 62 1 14 1 19 22 12161 
B 1 7 45 2 3 1 14 17 5112 
B 2 7 0 0 0 0 0 0 0 
m 6 31348 3869274 2212993 1546 26586 28277 
D 14 2 119 9 9 14 2 119 17 20
B 0 7 51 4 11 0 15 20 8455 
B 1 7 34 0 1 1 15 15 9965 
B 2 7 0 0 0 0 0 0 0 
m 6 25442 1938503 1109169 3725 13148 32960 
D 15 2 119 9 0 15 2 119 18 10
B 0 7 28 4 17 1 5 12 3546 
B 1 7 16 0 4 1 6 7 4274 
B 2 7 0 0 0 0 0 0 0 
m 6 25262 2316462 1239128 0 14891 18950 
D 16 2 119 14 56 16 2 119 16 2
B 0 7 4 1 2 0 1 2 478 
B 1 7 1 0 1 0 1 1 180 
B 2 7 0 0 0 0 0 0 0 
m 6 3789 863589 450698 1556 2770 1225 
D 17 2 119 20 44 18 2 119 0 49
B 0 7 16 1 7 0 4 6 2911 
B 1 7 4 0 6 0 1 2 0 
B 2 7 0 0 0 0 0 0 0 
m 6 7042 1526115 789739 0 4897 2601 
D 18 2 119 14 40 19 2 119 0 24
B 0 7 16 1 17 1 3 7 1013 
B 1 7 18 1 4 1 5 8 4875 
B 2 7 0 0 0 0 0 0 0 
m 6 17261 2730763 1551796 1014 14378 7488 
D 19 2 119 8 35 19 2 119 17 24
B 0 7 24 0 18 0 8 8 5207 
B 1 7 12 1 4 0 3 5 3245 
B 2 7 0 0 0 0 0 0 0 
m 6 19921 2318478 1382508 4794 15939 19439 
D 20 2 119 8 18 20 2 119 18 50
B 0 7 51 2 19 0 17 20 9544 
B 1 7 27 1 7 0 10 12 7859 
B 2 7 0 0 0 0 0 0 0 
m 6 26976 2336426 1437675 0 19931 22303 
D 21 2 119 9 27 21 2 119 17 59
B 0 7 20 1 30 2 4 9 3327 
B 1 7 28 0 4 2 10 12 7715 
B 2 7 0 0 0 0 0 0 0 
m 6 24595 1714674 980909 1766 12630 14948 
D 22 2 119 9 5 22 2 119 23 33
B 0 7 60 1 12 1 20 22 10850 
B 1 7 48 0 8 0 19 19 12546 
B 2 7 0 0 0 0 0 0 0 
m 6 25201 2643254 1560974 85 20768 24040 
D 23 2 119 7 54 23 2 119 22 47
B 0 7 0 0 14 0 0 0 0 
B 1 7 0 0 8 0 0 0 0 
B 2 7 0 0 0 0 0 0 0 
m 6 2564 192311 83931 0 417 799 
D 24 2 119 12 15 24 2 119 22 39
B 0 7 0 0 26 0 0 0 0 
B 1 7 0 0 12 0 0 0 0 
B 2 7 0 0 0 0 0 0 0 
m 6 3729 170776 77523 98 382 3937 
D 25 2 119 9 22 26 2 119 0 2
B 0 7 37 2 15 1 13 16 7638 
B 1 7 46 1 1 1 19 21 13235 
B 2 7 0 0 0 0 0 0 0 
m 6 25477 672288 475244 284 6393 48504 
D 26 2 119 9 29 26 2 119 14 13
B 0 7 30 0 4 0 10 11 2788 
B 1 7 7 0 2 0 2 3 998 
B 2 7 0 0 0 0 0 0 0 
m 6 9582 935790 513599 975 5206 13763 
D 27 2 119 8 33 27 2 119 22 1
B 0 7 27 3 11 0 7 10 4201 
B 1 7 11 0 4 1 4 5 2761 
B 2 7 0 0 0 0 0 0 0 
m 6 21005 2160842 1214608 607 13339 19094 
D 28 2 119 8 43 28 2 119 16 48
B 0 7 31 4 12 1 7 12 4566 
B 1 7 22 0 3 1 9 10 6095 
B 2 7 0 0 0 0 0 0 0 
m 6 24471 2615503 1393759 4655 14084 30496 
D 29 2 119 8 45 29 2 119 20 23
B 0 7 54 5 11 0 17 22 8067 
B 1 7 10 0 5 1 4 6 2383 
B 2 7 0 0 0 0 0 0 0 
m 6 23707 1327884 802801 2654 9712 36620 
D 31 2 119 20 44 31 2 119 23 7
B 0 7 1 1 3 0 0 1 68 
B 1 7 0 0 1 0 0 0 0 
B 2 7 0 0 0 0 0 0 0 
m 6 3963 666389 342102 0 3180 1599 
D 1 3 119 9 27 1 3 119 23 30
B 0 7 28 4 25 1 7 12 3902 
B 1 7 19 0 10 1 6 7 4353 
B 2 7 0 0 0 0 0 0 0 
m 6 28352 2874013 1496988 38 13467 25458 
D 2 3 119 9 11 2 3 119 16 51
B 0 7 17 2 19 0 5 8 2415 
B 1 7 7 0 8 1 1 3 1551 
B 2 7 0 0 0 0 0 0 0 
m 6 16393 1739162 975830 3285 9071 12970 
D 3 3 119 8 27 3 3 119 15 32
B 0 7 27 3 9 0 8 11 5640 
B 1 7 33 1 0 2 12 13 9262 
B 2 7 0 0 0 0 0 0 0 
m 6 22747 2353278 1382794 543 14279 21212 
D 4 3 119 9 34 4 3 119 20 19
B 0 7 20 5 15 0 8 13 2326 
B 1 7 15 0 4 0 6 6 4537 
B 2 7 0 0 0 0 0 0 0 
m 6 19943 1566283 948699 0 9342 13587 
D 5 3 119 9 7 6 3 119 1 15
B 0 7 51 4 34 0 20 25 8529 
B 1 7 33 0 9 0 14 14 9449 
B 2 7 0 0 0 0 0 0 0 
m 6 29740 1623089 865110 222 7508 28952 
D 6 3 119 22 37 6 3 119 23 36
B 0 7 0 0 7 0 0 0 0 
B 1 7 0 0 4 0 0 0 0 
B 2 7 0 0 0 0 0 0 0 
m 6 -2285 84631 44812 195 718 250 
D 7 3 119 19 9 8 3 119 2 6
B 0 7 0 0 6 0 0 0 0 
B 1 7 0 0 5 0 0 0 0 
B 2 7 0 0 0 0 0 0 0 
m 6 1437 118346 55985 199 293 624 
D 8 3 119 10 29 9 3 119 0 23
B 0 7 50 1 17 0 17 19 8552 
B 1 7 29 2 4 0 10 13 7920 
B 2 7 0 0 0 0 0 0 0 
m 6 25710 2406021 1407014 100 13039 35244 
D 9 3 119 10 30 9 3 119 23 29
B 0 7 36 2 10 0 11 15 4653 
B 1 7 17 0 5 1 5 7 4844 
B 2 7 0 0 0 0 0 0 0 
m 6 24276 2057954 1208545 1085 10712 47723 
D 10 3 119 9 6 11 3 119 0 46
B 0 7 43 0 19 2 13 15 6401 
B 1 7 19 0 9 1 5 9 3602 
B 2 7 0 0 0 0 0 0 0 
m 6 29014 2914234 1675629 157 13538 41602 
D 11 3 119 10 26 12 3 119 3 2
B 0 7 15 2 42 0 4 6 2587 
B 1 7 22 2 9 0 9 12 3457 
B 2 7 0 0 0 0 0 0 0 
m 6 24545 2366478 1320244 0 11432 16844 
D 12 3 119 9 30 12 3 119 22 54
B 0 7 21 0 19 2 6 8 4242 
B 1 7 42 0 3 0 16 16 12732 
B 2 7 0 0 0 0 0 0 0 
m 6 25149 3248640 1689791 544 12902 29472 
D 13 3 119 15 43 14 3 119 1 27
B 0 7 0 0 50 0 0 0 0 
B 1 7 0 0 15 0 0 0 0 
B 2 7 0 0 0 0 0 0 0 
m 6 14160 1016862 513787 1097 4828 4337 
D 14 3 119 9 26 15 3 119 1 12
B 0 7 25 1 56 0 8 9 4805 
B 1 7 11 1 6 0 4 5 3025 
B 2 7 0 0 0 0 0 0 0 
m 6 20506 1735692 875838 2894 15835 6565 
D 15 3 119 7 45 16 3 119 0 50
B 0 7 25 2 28 0 8 11 4758 
B 1 7 27 0 6 0 8 10 1350 
B 2 7 0 0 0 0 0 0 0 
m 6 27789 2217766 1408512 322 15264 37823 
D 16 3 119 10 10 17 3 119 1 35
B 0 7 20 0 55 1 6 8 4327 
B 1 7 37 2 5 0 17 19 10434 
B 2 7 1 0 0 0 1 1 309 
m 6 32709 3126269 1694224 5336 13817 29584 
D 17 3 119 12 43 18 3 119 0 24
B 0 7 10 1 28 0 4 6 1739 
B 1 7 38 2 3 0 17 19 11070 
B 2 7 0 0 0 0 0 0 0 
m 6 25774 2950718 1680839 2932 16179 21298 
D 18 3 119 13 48 18 3 119 19 4
B 0 7 30 0 11 0 10 11 7739 
B 1 7 21 1 5 0 6 7 6107 
B 2 7 0 0 0 0 0 0 0 
m 6 14009 1590517 1021034 0 14845 10361 
D 19 3 119 20 6 20 3 119 3 52
B 0 7 16 1 15 0 6 7 2297 
B 1 7 21 0 4 0 7 8 1649 
B 2 7 0 0 0 0 0 0 0 
m 6 14319 375697 211956 140 1455 23203 
D 20 3 119 4 6 21 3 119 3 56
B 0 7 9 2 45 0 2 4 1200 
B 1 7 17 0 7 0 8 10 517 
B 2 7 0 0 0 0 0 0 0 
m 6 18251 751887 398822 152 2713 18950 
D 21 3 119 4 4 21 3 119 4 40
B 0 7 0 0 4 0 0 0 0 
B 1 7 0 0 3 0 0 0 0 
B 2 7 0 0 0 0 0 0 0 
m 6 1220 85708 42124 177 248 140 
D 22 3 119 11 29 23 3 119 1 18
B 0 7 47 2 15 0 16 19 5584 
B 1 7 27 0 0 1 9 10 7808 
B 2 7 0 0 0 0 0 0 0 
m 6 24152 1753339 1108175 50 10625 50370 
D 23 3 119 10 35 23 3 119 23 18
B 0 7 18 3 34 0 4 7 2421 
B 1 7 8 0 9 0 3 4 2443 
B 2 7 0 0 0 0 0 0 0 
m 6 20950 2113974 1150058 1215 12955 12052 
D 24 3 119 9 37 24 3 119 18 5
B 0 7 3 1 13 0 0 1 250 
B 1 7 9 0 2 0 3 4 2624 
B 2 7 0 0 0 0 0 0 0 
m 6 13972 1432590 814478 1839 9860 13880 
D 25 3 119 10 17 25 3 119 20 18
B 0 7 46 2 7 0 16 18 8693 
B 1 7 48 0 0 0 18 20 4715 
B 2 7 0 0 0 0 0 0 0 
m 6 24797 2901366 1725062 1501 16879 32512 
D 27 3 119 8 36 27 3 119 17 10
B 0 7 3 0 14 1 0 1 328 
B 1 7 3 0 2 1 0 1 628 
B 2 7 0 0 0 0 0 0 0 
m 6 10157 1303466 653867 0 2835 3578 
D 28 3 119 9 7 28 3 119 16 31
B 0 7 0 0 3 0 0 0 0 
B 1 7 0 0 2 0 0 0 0 
B 2 7 0 0 0 0 0 0 0 
m 6 1614 151680 76656 221 589 2931 
D 29 3 119 10 25 29 3 119 19 2
B 0 7 28 2 11 0 10 13 4379 
B 1 7 11 0 1 0 4 5 3109 
B 2 7 0 0 0 0 0 0 0 
m 6 15532 1270160 775544 2592 7796 11650 
D 30 3 119 9 40 30 3 119 16 38
B 0 7 20 1 19 0 7 8 3168 
B 1 7 10 1 4 1 4 6 2428 
B 2 7 0 0 0 0 0 0 0 
m 6 16647 1166071 745674 2336 8048 15973 
D 1 4 119 9 44 2 4 119 1 19
B 0 7 14 0 35 0 5 7 2364 
B 1 7 8 1 6 0 1 3 1829 
B 2 7 0 0 0 0 0 0 0 
m 6 17247 800804 433139 655 4025 12256 
D 2 4 119 10 9 2 4 119 19 43
B 0 7 21 0 13 1 6 9 3097 
B 1 7 20 0 2 1 6 8 5619 
B 2 7 0 0 0 0 0 0 0 
m 6 17346 1046835 723686 1036 7942 18669 
D 3 4 119 10 11 3 4 119 19 42
B 0 7 22 2 29 0 6 9 5119 
B 1 7 35 0 2 0 15 15 10484 
B 2 7 0 0 0 0 0 0 0 
m 6 23251 1312188 883091 3388 10627 23863 
D 5 4 119 9 26 5 4 119 14 17
B 0 7 0 0 5 0 0 0 0 
B 1 7 0 0 2 0 0 0 0 
B 2 7 0 0 0 0 0 0 0 
m 6 1937 376570 210296 0 1082 450 
D 6 4 119 22 32 7 4 119 3 59
B 0 7 0 0 47 0 0 0 0 
B 1 7 3 0 7 0 1 1 788 
B 2 7 0 0 0 0 0 0 0 
m 6 10435 937566 513773 1408 4334 1881 
D 7 4 119 4 1 7 4 119 4 31
B 0 7 0 0 2 0 0 0 0 
B 1 7 5 0 0 0 3 4 2366 
B 2 7 0 0 0 0 0 0 0 
m 6 1572 66009 27354 6 238 89 
D 8 4 119 8 13 8 4 119 14 50
B 0 7 37 1 7 1 13 15 6907 
B 1 7 22 0 2 0 7 9 0 
B 2 7 0 0 0 0 0 0 0 
m 6 14991 1175669 678711 401 7667 21001 
D 9 4 119 10 32 9 4 119 20 53
B 0 7 10 1 23 0 3 4 1739 
B 1 7 9 0 7 0 3 4 2384 
B 2 7 0 0 0 0 0 0 0 
m 6 15485 924489 509132 617 6503 18240 
D 10 4 119 9 56 10 4 119 18 38
B 0 7 31 2 22 0 9 11 4965 
B 1 7 26 2 2 0 12 14 7208 
B 2 7 0 0 0 0 0 0 0 
m 6 20625 1482255 702031 2908 10258 16596 
D 11 4 119 23 45 12 4 119 0 38
B 0 7 0 0 9 0 0 0 0 
B 1 7 0 0 3 0 0 0 0 
B 2 7 0 0 0 0 0 0 0 
m 6 866 1018 0 1 19 97 
D 13 4 119 0 18 13 4 119 21 8
B 0 7 69 0 14 2 19 24 9966 
B 1 7 42 1 4 0 13 15 7949 
B 2 7 0 0 0 0 0 0 0 
m 6 25732 5202372 2872247 0 41595 13875 
D 14 4 119 9 20 14 4 119 20 33
B 0 7 69 1 7 0 23 24 14849 
B 1 7 57 0 1 0 21 21 10406 
B 2 7 0 0 0 0 0 0 0 
m 6 30867 4440523 2337992 536 28661 20796 
D 15 4 119 10 22 15 4 119 19 1
B 0 7 52 1 9 0 17 19 11350 
B 1 7 39 0 3 0 14 15 11585 
B 2 7 0 0 0 0 0 0 0 
m 6 22673 2894616 1723210 6240 22859 22399 
D 16 4 119 9 20 16 4 119 22 19
B 0 7 24 2 17 0 7 10 3889 
B 1 7 14 1 1 1 8 10 3734 
B 2 7 0 0 0 0 0 0 0 
m 6 17505 1813326 1064803 124 11789 18022 
D 17 4 119 9 31 17 4 119 18 29
B 0 7 26 2 8 0 10 13 4926 
B 1 7 17 0 4 0 6 7 4917 
B 2 7 0 0 0 0 0 0 0 
m 6 15490 1496531 931619 0 19832 8926 
D 18 4 119 13 12 18 4 119 15 31
B 0 7 17 0 2 0 7 7 2436 
B 1 7 2 0 1 1 0 1 382 
B 2 7 0 0 0 0 0 0 0 
m 6 6691 711744 377133 1358 6633 5616 
D 19 4 119 15 36 20 4 119 2 6
B 0 7 16 0 25 2 4 6 2346 
B 1 7 11 1 5 1 3 5 2824 
B 2 7 0 0 0 0 0 0 0 
m 6 17930 2361689 1229305 3591 15299 7759 
D 20 4 119 8 44 20 4 119 17 18
B 0 7 31 0 16 0 11 12 5603 
B 1 7 19 0 5 1 6 7 5622 
B 2 7 0 0 0 0 0 0 0 
m 6 22819 2304040 1282823 4826 16248 23303 
D 21 4 119 9 30 21 4 119 11 52
B 0 7 14 0 3 0 4 5 2236 
B 1 7 2 0 1 0 0 1 429 
B 2 7 0 0 0 0 0 0 0 
m 6 7360 929777 567227 0 7488 5676 
D 22 4 119 22 16 22 4 119 23 29
B 0 7 3 1 1 0 1 2 726 
B 1 7 3 0 0 0 1 1 726 
B 2 7 0 0 0 0 0 0 0 
m 6 4329 635934 358542 1286 2520 1810 
D 23 4 119 18 10 24 4 119 0 32
B 0 7 14 0 8 0 4 5 2767 
B 1 7 4 0 5 0 1 2 977 
B 2 7 0 0 0 0 0 0 0 
m 6 6611 843759 436354 63 6826 5450 
D 24 4 119 10 39 24 4 119 22 29
B 0 7 30 2 10 0 9 12 5046 
B 1 7 30 0 1 0 13 14 9007 
B 2 7 0 0 0 0 0 0 0 
m 6 22472 1718526 969791 178 12627 36511 
D 25 4 119 22 32 26 4 119 2 57
B 0 7 0 0 29 0 0 0 0 
B 1 7 0 0 16 0 0 0 0 
B 2 7 0 0 0 0 0 0 0 
m 6 3636 260630 113478 388 550 1060 
D 27 4 119 10 27 27 4 119 23 58
B 0 7 39 3 14 0 10 14 5121 
B 1 7 16 1 8 0 4 8 1227 
B 2 7 0 0 0 0 0 0 0 
m 6 24499 3184059 1641034 458 13607 36691 
D 28 4 119 13 46 28 4 119 16 47
B 0 7 6 3 6 0 1 4 453 
B 1 7 4 0 2 0 2 2 1268 
B 2 7 0 0 0 0 0 0 0 
m 6 9210 1598137 391116 1804 3725 11189 
D 29 4 119 8 54 29 4 119 22 28
B 0 7 47 1 15 0 17 18 7417 
B 1 7 31 1 7 0 11 13 2069 
B 2 7 0 0 0 0 0 0 0 
m 6 24181 2731147 1389029 8 18032 31532 
D 30 4 119 9 54 30 4 119 18 46
B 0 7 48 0 8 0 16 17 8822 
B 1 7 19 2 3 0 7 10 4862 
B 2 7 0 0 0 0 0 0 0 
m 6 22231 1647482 957975 3258 11081 35714 
D 31 4 119 9 46 31 4 119 19 1
B 0 7 13 3 24 0 1 5 2370 
B 1 7 22 2 3 0 8 11 5759 
B 2 7 0 0 0 0 0 0 0 
m 6 24036 1552372 860158 2930 8188 26351 
D 3 5 119 9 46 3 5 119 18 28
B 0 7 23 2 18 0 6 9 3485 
B 1 7 19 0 5 0 8 9 5443 
B 2 7 0 0 0 0 0 0 0 
m 6 21819 1293581 661337 2268 8162 14626 
D 4 5 119 13 51 5 5 119 0 44
B 0 7 0 0 13 0 0 0 0 
B 1 7 0 0 6 0 0 0 0 
B 2 7 0 0 0 0 0 0 0 
m 6 5449 411333 249810 4 2721 2793 
D 5 5 119 15 6 5 5 119 19 29
B 0 7 30 2 5 0 10 13 4250 
B 1 7 7 1 2 0 1 3 1631 
B 2 7 0 0 0 0 0 0 0 
m 6 12810 987054 518936 2000 6294 15061 
D 6 5 119 10 26 6 5 119 17 17
B 0 7 8 2 22 0 4 6 1050 
B 1 7 1 0 7 1 0 1 100 
B 2 7 0 0 0 0 0 0 0 
m 6 14695 897791 465940 1758 5788 11231 
D 7 5 119 13 0 7 5 119 16 6
B 0 7 25 1 2 0 7 9 5116 
B 1 7 21 0 1 0 7 7 6320 
B 2 7 0 0 0 0 0 0 0 
m 6 10200 1031104 681765 2747 8573 12040 
D 8 5 119 14 25 8 5 119 19 31
B 0 7 21 0 22 0 7 7 5051 
B 1 7 12 0 4 0 5 5 3575 
B 2 7 0 0 0 0 0 0 0 
m 6 11881 604399 345777 0 3876 14631 
D 9 5 119 23 7 10 5 119 1 28
B 0 7 0 0 12 0 0 0 0 
B 1 7 0 0 4 0 0 0 0 
B 2 7 0 0 0 0 0 0 0 
m 6 2759 135699 91835 241 1481 1100 
D 10 5 119 10 38 10 5 119 23 14
B 0 7 2 1 36 0 0 1 150 
B 1 7 10 0 14 0 4 5 1345 
B 2 7 0 0 0 0 0 0 0 
m 6 23435 707482 432487 750 4969 29040 
D 11 5 119 14 14 12 5 119 3 58
B 0 7 0 0 16 0 0 0 0 
B 1 7 3 0 9 0 1 1 0 
B 2 7 0 0 0 0 0 0 0 
m 6 8796 324199 186401 118 2528 9918 
